7585969503461297421
7585413977027382558
7584813108716162317
7585537670374247694
7254391202781367595
7585894732748819734
7582925876539493663
7584793129526627615
7585889244137213214
7586355873656737038
7584814485316193567
7583340261233806647
7586352900734061838
7254389264799059246
7586645078056160534
7582203076291955998
7584481041105030430
7586637169062743327
7586690844946631991
7586952430160596255
7553671765440859447
7586687379029626167
7254387621705731374
7587015723340270870
7580693247031397663
7587017957897817375
7587381572676898079
7587076665596120350
7587026555545718046
7586978525064760589
7582779552435424526
7587629902921256205
7587746852762570014
7585989787207879991
7587458353056468279
7574875980653759774
7569626538262482231
7587539871141481742
7588077234980670750
7577376318795402551
7587541010482253111
7253872614492359979
7588124603315195158
7586637131276094750
7587780865053314335
7587746006477851934
7588210099169037598
7589253361992584478
7589219125923237134
7581672990870342926
7589483516761476365
7589598245559618847
7585607682422246711
7588563835263388942
7572624822920842526
7566344293808459063
7587070382906035469
7589203385350442270
7550710356692208909
7590412603973831991
7253870158664535339
7589969097325137174
7582184795862486303
7583601567551474975
7589237618513104158
7583676716007165215
7591101655341436190
7591122448020557111
7589919705184423181
7589931824785280286
7585206548419349774
7591530417224715534
7571870010201738527
7565595710209445133
7591885280852856119
7591028370054352158
7544404629711293709
7591884946306845965
7253865958316592426
7592217642388196630
7579215759252000030
7592286104456269087
7592570526057418014
7582961173063093534
7592225899433495838
7591767117834292535
7592830162794761486
7592948183005777182
7593032289446120718
7571494979210677535
7563735723510074637
7592279064686202126
7593257295476313374
7543659860894747917
7592276767558159629
7253864068358933802
7593327676065123606
7593775288757128479
7580760345661295902
7594067346512219423
7591438768075246862
7594298978615807246
7593320314302385439
7594496613180017975
7569659064733519135
7594472562130816270
7593661584958901534
7543323622983601421
7594470942902996238
7253540349283519787
7595184284973927682
7595247179674029343
7578928033462013215
7595181061789797662
7595539223755738382
7595417118158507319
7595181275686784287
7595595541086489870
7569285778728029471
7595973953970130231
7595847171702902047
7541346525968977207
7595970331873938701
7253521237396311339
7595925085496691990
7595594052104375582
7578111829595999519
7596663908514024734
7595134948810509623
7596552787798904078
7597023576444701982
7597116119756950839
7567809210306546975
7596749295475264781
7597265369610472735
7540697762111802638
7597441889889029389
7253145920546671914
7597774770150755587
7597447460763471134
7577030156976524575
7597042257732160799
7597746539997449485
7598016769642614071
7598144318322380063
7597854455895313677
7566697327646248223
7598567335384943927
7596176507072941343
7540302210077330718
7598938661048159543
7253132555204005162
7598514704117632279
7598571061516569886
7513143687082249502
7596322023870172447
7599128366360448270
7597775944148929823
7596715869011594510
7599637071648623902
7539927638836612366
7598559713801899277
7253128454617468203
7599998514394828054
7599934590312008991
7598942157755452685
7599154720481086751
7539481942429912334
7600463563106372894
7252773188466183466
7600740487602949398
7600736479609998623
7514255284789890334
7600021475864661279
7600724843478191415
7601034568816233741
7601113221897964831
7600828817350872333
7565602548317424927
7601522384377515278
7600992139891199262
7539199868955381022
7601520705909427511
7252748703432199466
7601480248328310038
7601169146025397534
7601848266526870839
7595931132953136415
7598497156969860365
7602451300407676174
7602583943224855839
7602675454285319438
7565204029370879263
7602697500868267277
7595499995525172511
7538841917002419511
7603035185998859534
7252736558237863210
7603347062394031382
7603044119899802911
7602629861907238175
7603719099797032222
7603685354385706253
7603601844090211598
7603326829327338782
7603042032780692749
7564482123990617375
7604097252834954510
7595194199390178591
7538468449442336014
7604555402411363597
7252363217551363374
7604093805067013398
7604097683359288607
7513886959383760159
7595553582808681758
7605165792971279629
7605064450671938829
7602208588823530782
7604541030242716941
7564100088298016031
7605680734891822350
7595123799914335518
7538094683155615031
7605678973191720206
7252327657642380590
7605571706828147990
7603707834789793055
7512026255089224991
7605946285127978271
7606169663742954765
7606174215624068366
7601469736949484831
7602304876772592910
7563723808880839967
7605303804304592141
7592957163786521887
7537352967700106509
7607067481210883342
7251987972336143659
7605209992706215190
7602654645298810143
7513509887159192862
7607047214598327582
7607766375922208013
7607666136045374734
7600372435669585182
7601938058610511118
7563360033795296543
7608212546193001742
7588509684299009310
7537001711227915533
7608583614552395022
7251976539699629358
7604831499422059798
7602269527551839518
7511644489660910878
7608172183428320543
7608789498578668814
7609143260916813069
7598535079794691359
7608599707883031821
7562974728051248415
7608584089851006221
7587791912975731998
7533601935878786317
7609714912771820813
7251956833689324846
7603720657913924886
7600410066772135198
7511288319792139551
7609650663278120223
7610063173562928397
7609486686736764173
7597407728834776350
7600449975461481742
7610430023723453709
7587683632769289502
7536591101273083149
7610846251608771853
7251578171571572010
7602970250061155606
7610378707680742686
7510911409522216223
7609279986775756063
7610703157903117582
7611115341330009358
7595908536098491678
7611588260552264973
7611588672667897102
7611803591342296350
7535480456582647054
7611588553885109518
7251237119484693806
7612245507091582230
7611489720668867871
7608907907752676638
7612597865025735949
7612491170870021390
7594796674300562718
7612322116439903502
7612633468081605901
7584424202783051039
7611256354040204558
7250477275030801706
7613358062400785686
7598959106363313439
7594445132405984542
7613714128703622413
7613600730531794206
7592569174447197470
7611218997077363982
7613848651382721823
7614133638145346829
7613685601056935199
7614130063671397646
7250103481246174507
7614096936496319766
7614452570093800734
7591858347851238687
7614819962812714254
7614346818339605773
7592206541554502942
7596361540794682679
7615124887639821581
7615245758677224718
7615149588512640286
7615246605909904653
7249752146596334890
7615586304948014358
7615201140988218654
7591479025525148959
7615562047312432397
7615461489784261901
7615942963859934494
7594890851344502030
7616358649316789517
7616270006036221215
7616354416450358541
7249745209569922347
7616691076027452694
7616686072608722206
7616682056633863438
7616932861576350990
7616925465890114846
7617081410297318670
7617225763384790302
7617495351615950093
7249734262495284526
7617065622463319318
7617055733628013854
7617524228593667342
7617688511461854478
7600746115742338334
7617844101483941134
7618124154700680479
7618188230483021070
7249385918036069674
7617803837683911958
7617806362063555870
7615188317646146829
7616205058249706766
7618174652111686943
7618636748909858062
7618965030700190990
7618893561332780319
7618963413774945549
7616323349219757334
7615940204934860063
7619274843774520589
7615087694477020429
7619289553186131230
7619343689478917390
7619795823529823501
7619238836849118494
7620076610485603597
7615951607791881495
7614331771768950047
7614459565672828173
7612862770672962830
7618922866280615198
7620435238748982542
7620435105949027598
7617740008136494367
7620844648264682765
7620770111632248086
7613716538868256031
7621188068069952798
7620772370113989902
7612107851561045262
7621161209143905566
7620846638646545677
7621591948129750286
7621085497615469855
7621550279191825677
7621591445085900046
7621889218788216086
7621110962237508894
7621935860199492895
7622275018256436511
7621437253776166158
7611750762586049806
7621888461846449439
7621908555255270670
7622146138140855582
7622286124412587277
7621235927846784270
7622262198429158658
7598178931585469727
7622307755365289247
7623038831696153887
7623338141931310349
7611006067413110030
7623000720731573535
7623419580400094477
7623337757015805214
7623836586777627918
7623374689368329494
7597056219366395166
7623754442256452894
7624100427830791437
7623994781017853197
7621518732321410335
7624200036691250445
7624558161344630030
7624054678321368350
7624553337098161422
7624118298417974550
7594875595838852382
7623402242346962207
7624463771653704973
7624359637990591757
7620777409977093407
7624184413852552461
7622980992709545246
7625302829456051470
7621514319590657302
7593327401170455838
7621913139625397534
7625318726513986830
7625858952508624142
7600354174429056286
7626042520040000781
7626275160185703711
7626040281900584206
7621141590853192983
7621550330999885087
7626639860664749325
7626217038075284750
7591452631281700126
7626828709995089165
7627022202096930078
7627185409738476814
7627086197579582743
7627069114338610463
7620450338323074334
7627010476668472590
7627676437218217230
7627517628700986638
7626596746117778719
7627516893880012045
7627464397723667734
7628272597792345358
7627441523763760415
7628200528907963662
7626969291681811725
7628567608001973535
7628636650997812493
7628645023919115534
7622893483208084766
7628982580041321741
7628928382973005078
7628612478473161998
7628578661351951647
7628970041202969887
7628920025474206989
7629192998403706126
7628947612250443038
7629377131373399309
7629745533380250894
7629625280159550751
7629745022274997518
7629678268572028182
7629747583572856077
7628588847714143518
7629666245087890701
7629935837358099725
7630498335698193677
7630122198983806221
7629282041804115230
7630850083172502797
7630793015644245251
7630848080765553933
7628420831311301918
7631143403308240141
7631049284636380430
7631247028508478733
7630769980207877406
7631244769750011150
7631533171619745046
7631567092042501389
7626197457386409230
7628613853382774029
7631611228598701325
7631924321786629406
7631613184314559757
7632273104877653270
7632343300950740237
7614321396809731342
7610624434373774605
7632672839006539021
7632234045384051998
7632672683905305870
7632173969574989078
7632921967410154766
7632643422049881375
7613337123093105951
7608768429180472589
7633436002262060302
7633342891150167326
7633435587533491469
7633391737091689750
7633836184107535629
7633749054635265310
7633802793534426382
7608387405413895437
7634187382060797198
7633611001199332638
7634178264352787726
7634127939717631254
7634542069708639501
7633373143423290655
7634362324618415373
7608011433665744141
7634502291919326495
7634926518254308622
7631493398335114527
7634925873782656269
7634495535277264150
7635286122389589261
7612869008223767821
7635319213439094029
7621822332754988318
7635317376363400462
7633761462887992598
7635672908672552205
7612555226247220494
7635318720516214030
7615091381081541918
7635316655370865933
7631157355450879254
7635644843007560973
7611862959735721230
7636440815513996558
7614338192522644766
7636438279562317070
7628796044469439767
7636933295682407693
7637036292383067406
7637143638887222542
7637144181126794509
7637323943526829334
7637516253443214605
7637510992661843213
7637474065430613279
7637533458532666637
7637421556863470878
7637872884861422861
7636952219249675542
7638046475749969166
7636732973265489166
7638274312117505293
7638272813949816077
7628178984710196502
7638640115451038990
7638638761709980942
